   2.3152262e+00
   3.9411856e+00
   3.9143339e+00
   2.9707513e+00
   3.6005609e+00
   2.2837727e+00
   2.8435226e+00
   3.8314711e+00
   3.5844147e+00
   3.9189849e+00
   3.3114814e+00
   2.0714234e+00
   3.6982586e+00
   3.8679865e+00
   3.3574703e+00
   3.5154803e+00
   3.4862649e+00
   2.7844540e+00
   3.3109558e+00
   2.3423734e+00
   3.4120922e+00
   2.0636657e+00
   2.5538460e+00
   2.0923428e+00
   2.1942636e+00
   3.6469157e+00
   3.3896572e+00
   2.6341990e+00
   3.9004441e+00
   2.0688922e+00
   2.8774887e+00
   2.7631169e+00
   3.5310336e+00
   3.5903998e+00
   2.3737452e+00
   2.9795288e+00
   2.8911724e+00
   3.2926260e+00
   3.4187297e+00
   3.5093734e+00
   2.5520502e+00
   3.3594054e+00
   3.3101960e+00
   2.3252235e+00
   2.2379954e+00
   2.9967281e+00
   3.9194879e+00
   2.6807715e+00
   3.1705355e+00
   2.4476239e+00
   3.5025341e+00
   2.5101902e+00
   3.0119141e+00
   3.3981534e+00
   3.7818065e+00
   3.9185829e+00
   3.0944311e+00
   2.2772489e+00
   2.2985880e+00
   2.5150165e+00
   3.6814345e+00
   2.5085644e+00
   3.6285697e+00
   2.4870499e+00
   3.8585272e+00
   2.6999675e+00
   2.3931905e+00
   2.5021677e+00
   3.2320894e+00
   2.9465777e+00
   2.7033190e+00
   3.6616573e+00
   3.1705282e+00
   3.0994472e+00
   3.8343873e+00
   2.5716780e+00
   3.5144005e+00
   3.5074582e+00
   2.7608917e+00
   3.1356433e+00
   2.1517086e+00
   2.1079002e+00
   3.0615951e+00
   3.5583345e+00
   3.8680214e+00
   2.2598124e+00
   3.1376473e+00
   2.9387813e+00
   2.0238041e+00
   2.6742453e+00
   2.3243646e+00
   3.5885691e+00
   2.6224301e+00
   3.0570663e+00
   2.3312975e+00
   3.2039639e+00
   2.5259426e+00
   3.3081582e+00
   3.3784290e+00
   3.4963032e+00
   2.9010832e+00
   2.1676428e+00
   2.4579539e+00
   3.8266747e+00
   2.3047560e+00
   3.6516340e+00
   3.0766849e+00
   3.9922694e+00
   2.1563511e+00
   2.8853565e+00
   2.2133055e+00
   3.9237962e+00
   2.0092684e+00
   3.5498209e+00
   3.6346064e+00
   3.7373894e+00
   2.1688717e+00
   2.7995653e+00
   2.5197408e+00
   3.6001370e+00
   2.8628277e+00
   3.8212952e+00
   2.3636941e+00
   2.5276058e+00
   2.2910780e+00
   2.2721371e+00
   3.7385844e+00
   3.1594092e+00
   3.0997204e+00
   2.2899096e+00
   3.7060622e+00
   3.2441103e+00
   2.7019048e+00
   3.0264991e+00
   2.8036161e+00
   2.1519334e+00
   2.4798323e+00
   2.2466379e+00
   2.3678156e+00
   2.4799051e+00
   2.8345341e+00
   2.0993089e+00
   3.8054322e+00
   3.8895744e+00
   2.9817282e+00
   2.9785053e+00
   2.6754388e+00
   3.8001077e+00
   2.7384936e+00
   2.2224055e+00
   3.5605041e+00
   2.7794777e+00
   2.4833826e+00
   2.8078243e+00
   2.1929091e+00
   2.2639466e+00
   3.8841012e+00
   3.9122691e+00
   3.1504172e+00
   2.1195591e+00
   2.4695598e+00
   2.7063171e+00
   3.6423881e+00
   2.0308069e+00
   2.0860476e+00
   2.3379801e+00
   3.2982309e+00
   3.4634448e+00
   3.2954919e+00
   2.9018474e+00
   3.0940178e+00
   2.5926416e+00
   3.4893856e+00
   2.3779100e+00
   3.3735509e+00
   2.3670223e+00
   2.7369692e+00
   3.2512371e+00
   3.5604549e+00
   2.1622515e+00
   3.8587719e+00
   3.5514254e+00
   2.9735833e+00
   2.8717172e+00
   2.8935675e+00
   2.6126989e+00
   3.0170173e+00
   3.0215431e+00
   3.6352554e+00
   3.5896628e+00
   3.2886363e+00
   2.7572188e+00
   3.6231609e+00
   3.0656512e+00
   2.7014542e+00
   3.8780031e+00
   3.7518856e+00
   3.1003127e+00
   3.2449502e+00
   3.1740894e+00
   2.4154846e+00
   2.6024927e+00
   2.9418467e+00
   2.4609763e+00
   3.6886176e+00
   2.3895286e+00
   2.4518436e+00
   2.3414161e+00
   2.4553286e+00
   2.8713974e+00
   2.6222046e+00
   3.8467593e+00
   2.8604148e+00
   2.3696326e+00
   3.8097619e+00
   3.9594968e+00
   2.8777399e+00
   2.2222384e+00
   2.5161294e+00
   2.8174397e+00
   3.1897921e+00
   2.5244235e+00
   3.2056862e+00
   3.4224316e+00
   2.4434935e+00
   2.2348353e+00
   2.5933517e+00
   2.6375566e+00
   2.8483335e+00
   3.0157166e+00
   2.1710316e+00
   2.5249645e+00
   3.6020292e+00
   2.0584406e+00
   3.8577083e+00
   3.4606617e+00
   2.9772179e+00
   3.1570501e+00
   2.4745672e+00
   2.9176977e+00
   3.9261771e+00
   3.0936114e+00
   3.0422717e+00
   2.4631888e+00
   2.9777955e+00
   3.2481202e+00
   3.3582711e+00
   2.7910304e+00
   2.7348733e+00
   3.9759640e+00
   2.0754777e+00
   3.7703360e+00
   3.8265737e+00
   3.5923677e+00
   2.1974246e+00
   2.5237424e+00
   2.6707137e+00
   3.3594559e+00
   2.2731063e+00
   3.4424550e+00
   2.2135237e+00
   3.3075147e+00
   2.9883479e+00
   3.5581034e+00
   3.4300742e+00
   3.8074411e+00
   3.7818450e+00
   2.6683261e+00
   3.3974917e+00
   2.3956197e+00
   2.0610819e+00
   3.4881485e+00
   3.0000449e+00
   2.9598443e+00
   3.8094445e+00
   3.2197333e+00
   3.2353328e+00
   3.7188846e+00
   3.6109788e+00
   3.1534430e+00
   2.3658449e+00
   2.4798640e+00
   3.7730239e+00
   2.0573483e+00
   2.9798028e+00
   2.3358543e+00
   3.9573613e+00
   3.4253889e+00
   3.0009432e+00
   2.9421767e+00
   2.1192377e+00
   3.3639438e+00
   2.0848623e+00
   2.1428909e+00
   3.0432997e+00
   2.1934601e+00
   3.6362971e+00
   3.6350942e+00
   3.4448792e+00
   2.2997309e+00
   3.3192105e+00
   3.0371899e+00
   3.9459491e+00
   3.2979830e+00
   3.6006612e+00
   2.9075954e+00
   2.8647830e+00
   3.6506276e+00
   2.1669396e+00
   2.2663420e+00
   2.3467772e+00
   2.7818756e+00
   3.6627595e+00
   3.6067288e+00
   2.1209424e+00
   2.7985155e+00
   3.0537517e+00
   2.8335989e+00
   3.3137198e+00
   3.2559467e+00
   2.5839682e+00
   2.8633023e+00
   2.0309743e+00
   3.9681274e+00
   2.3343368e+00
   2.2124327e+00
   2.7448195e+00
   2.3962368e+00
   2.9793753e+00
   2.6789868e+00
   3.9032609e+00
   3.8406641e+00
   2.1053540e+00
   3.4757162e+00
   2.5382389e+00
   2.8456712e+00
   3.0957418e+00
   3.8854740e+00
   2.8354882e+00
   3.9661049e+00
   2.6029099e+00
   3.4021975e+00
   3.3326777e+00
   3.0782529e+00
   3.3962110e+00
   3.3330558e+00
   2.3562649e+00
   2.2560288e+00
   3.9981608e+00
   2.3422421e+00
   2.0652016e+00
   3.1223996e+00
   3.7637330e+00
   3.3383506e+00
   2.3808665e+00
   2.7378331e+00
   2.9214519e+00
   3.9632759e+00
   2.3128099e+00
   3.7110456e+00
   3.2895291e+00
   2.7525444e+00
   2.3818474e+00
   2.8565060e+00
   2.9640441e+00
   2.2412232e+00
   3.1790150e+00
   2.4523754e+00
   2.7692382e+00
   3.1659728e+00
   2.5036122e+00
   2.5808813e+00
   3.2341818e+00
   2.5305618e+00
   3.6487525e+00
   3.9653268e+00
   3.4604976e+00
   2.6877540e+00
   3.1681387e+00
   2.2155380e+00
   3.8126163e+00
   3.7593074e+00
   3.6355211e+00
   2.5214560e+00
   3.1887125e+00
   2.0450252e+00
   2.8505186e+00
   2.6254378e+00
   2.3229695e+00
   2.3575324e+00
   2.8457714e+00
   2.1884587e+00
   3.1970473e+00
   2.9418485e+00
   3.3918986e+00
   3.3997757e+00
   3.2770615e+00
   2.0672077e+00
   2.1376122e+00
   2.6391995e+00
   3.0617286e+00
   3.3088914e+00
   2.8152384e+00
   3.6399624e+00
   3.4367179e+00
   3.9372987e+00
   3.0626678e+00
   2.6502914e+00
   2.2112584e+00
   3.2219173e+00
   3.5576045e+00
   2.8469058e+00
   2.1816466e+00
   2.5329430e+00
   2.3073134e+00
   2.5620106e+00
   2.8801703e+00
   3.0542855e+00
   2.9148487e+00
   3.7507432e+00
   3.0361042e+00
   3.8872452e+00
   3.2754182e+00
   3.9153879e+00
   2.4814141e+00
   3.3522446e+00
   2.5781291e+00
   3.3436163e+00
   3.3902810e+00
   2.1359855e+00
   2.5095803e+00
   2.4480801e+00
   3.3356655e+00
   3.6887843e+00
   2.6889248e+00
   3.5610393e+00
   3.3506641e+00
   2.0134306e+00
   3.2043410e+00
   2.7735424e+00
   3.8319825e+00
   2.0023021e+00
   2.9248983e+00
   2.8486981e+00
   2.9218327e+00
   3.5403195e+00
   2.6449436e+00
   3.5694786e+00
   2.9427143e+00
   2.0715255e+00
   2.3517488e+00
   3.4435161e+00
   2.9469720e+00
   2.3054424e+00
   2.6822492e+00
   3.2147784e+00
   2.3834905e+00
   3.4768537e+00
   2.4856992e+00
   3.8348487e+00
   2.5381232e+00
   3.5310000e+00
   2.3773240e+00
   2.5749963e+00
   2.1822269e+00
   3.1524188e+00
   3.3667265e+00
   3.0931862e+00
   2.8514577e+00
   3.2888856e+00
   3.2952353e+00
   3.3580335e+00
   3.2715734e+00
   3.8903482e+00
   2.4178698e+00
   3.4185634e+00
   2.4724612e+00
   2.2387925e+00
   3.2146079e+00
   2.9002754e+00
   2.9174510e+00
   3.3238895e+00
   3.5405710e+00
   2.7004360e+00
   3.3240192e+00
   2.8323172e+00
   3.6838583e+00
   3.6658336e+00
   2.5128820e+00
   3.2269215e+00
   3.1644983e+00
   3.0814787e+00
   3.7398821e+00
   2.5295581e+00
   2.6361482e+00
   2.2384291e+00
   3.8796589e+00
   3.2911037e+00
   2.9589264e+00
   3.2786339e+00
   3.0894322e+00
   3.2946230e+00
   3.0877719e+00
   3.4420932e+00
   3.0449906e+00
   3.9874092e+00
   2.4373533e+00
   2.2115965e+00
   2.2193949e+00
   2.1271827e+00
   2.8091600e+00
   2.8967458e+00
   2.7316324e+00
   3.5270093e+00
   3.2557928e+00
   3.5439608e+00
   3.8657071e+00
   3.9454817e+00
   2.3840567e+00
   2.2777484e+00
   3.3925327e+00
   2.1876401e+00
   3.0508088e+00
   3.0606884e+00
   3.7222796e+00
   2.9697067e+00
   2.7869127e+00
   3.3428623e+00
   3.4825159e+00
   3.0401049e+00
   2.6954253e+00
   2.2999945e+00
   3.1721841e+00
   2.5242906e+00
   2.0889082e+00
   3.5098665e+00
   2.4855707e+00
   2.8848046e+00
   3.3755922e+00
   2.7184564e+00
   3.4726801e+00
   2.7894150e+00
   3.3668317e+00
   3.4080949e+00
   2.8846108e+00
   2.0391552e+00
   2.6617158e+00
   2.8486190e+00
   2.5405408e+00
   2.3941076e+00
   3.6434424e+00
   2.8598428e+00
   3.7755419e+00
   2.7823660e+00
   3.5382288e+00
   2.7935830e+00
   3.6170282e+00
   3.5101542e+00
   2.7547911e+00
   2.4320378e+00
   3.5808144e+00
   3.8986078e+00
   2.6551309e+00
   3.3425287e+00
   2.8772900e+00
   3.6670012e+00
   3.5377085e+00
   2.3345071e+00
   3.7239610e+00
   3.9797443e+00
   3.0288469e+00
   3.7685620e+00
   3.1760521e+00
   2.3095047e+00
   2.3997256e+00
   2.8139097e+00
   3.4974114e+00
   3.6511676e+00
   3.5799261e+00
   2.6370485e+00
   3.0681283e+00
   2.1799014e+00
   2.2234115e+00
   2.2725851e+00
   3.3573046e+00
   2.9903540e+00
   2.3794208e+00
   2.9900116e+00
   2.2952164e+00
   2.1099483e+00
   3.7014253e+00
   3.1211191e+00
   3.8592177e+00
   3.3933344e+00
   3.1655819e+00
   3.6307944e+00
   3.7580278e+00
   3.9778232e+00
   2.0010448e+00
   3.7308772e+00
   3.2251329e+00
   3.9799004e+00
   3.0553601e+00
   2.9590468e+00
   3.6026952e+00
   2.4556859e+00
   2.9961886e+00
   3.8017050e+00
   3.1493224e+00
   3.6903564e+00
   3.4772806e+00
   3.1719741e+00
   2.4934691e+00
   3.3328324e+00
   2.1669656e+00
   3.2519196e+00
   3.3218891e+00
   3.4595037e+00
   3.7815042e+00
   3.9646064e+00
   3.5380582e+00
   3.1628930e+00
   3.8566261e+00
   3.1601807e+00
   2.0339659e+00
   2.2417191e+00
   3.7254214e+00
   2.9685930e+00
   3.6897113e+00
   2.4188102e+00
   3.1045827e+00
   3.2597668e+00
   2.0639820e+00
   3.2294268e+00
   2.7248229e+00
   2.0990652e+00
   2.9791400e+00
   2.3850208e+00
   2.2461675e+00
   2.4109883e+00
   2.2930298e+00
   2.3781443e+00
   2.0853048e+00
   3.2703958e+00
   2.5637337e+00
   3.0771934e+00
   3.3903261e+00
   2.9982320e+00
   3.0716021e+00
   2.8903663e+00
   2.2478646e+00
   2.9807146e+00
   3.7059963e+00
   3.7478548e+00
   2.5405887e+00
   2.4169227e+00
   3.1299591e+00
   3.2806237e+00
   2.8340579e+00
   2.4119510e+00
   3.8958662e+00
   2.1641424e+00
   2.2114189e+00
   2.2840822e+00
   2.3329209e+00
   3.2419173e+00
   3.1474195e+00
   2.1041558e+00
   3.8624028e+00
   3.4573234e+00
   3.4756833e+00
   2.1268090e+00
   3.7208811e+00
   3.8688102e+00
   3.9687966e+00
   3.7178776e+00
   3.5711180e+00
   3.0267548e+00
   2.3552049e+00
   2.7971790e+00
   2.2678625e+00
   2.0617791e+00
   3.8782834e+00
   2.6026121e+00
   2.5910677e+00
   2.6658726e+00
   2.9341364e+00
   3.2963968e+00
   2.0504564e+00
   3.6844132e+00
   3.1180651e+00
   3.7081999e+00
   2.6957584e+00
   2.8920533e+00
   2.1084790e+00
   2.3542151e+00
   3.3256161e+00
   2.6616580e+00
   3.7969723e+00
   2.2363104e+00
   3.9768359e+00
   3.0799642e+00
   3.4138348e+00
   3.9989832e+00
   2.5756987e+00
   2.8290451e+00
   2.9296799e+00
   3.5279142e+00
   3.6364081e+00
   2.2004431e+00
   2.3562339e+00
   2.7192698e+00
   2.1134094e+00
   3.0437713e+00
   2.6716979e+00
   2.3513381e+00
   2.4178933e+00
   3.8103071e+00
   3.3507824e+00
   2.9369364e+00
   3.8242649e+00
   2.2080231e+00
   3.4910921e+00
   3.4725349e+00
   3.1237229e+00
   2.3683882e+00
   3.1944227e+00
   2.5998740e+00
   2.2682459e+00
   2.4252031e+00
   3.7898834e+00
   2.1429056e+00
   2.4849731e+00
   2.1075088e+00
   2.8834441e+00
   2.0265664e+00
   3.7943827e+00
   2.3933164e+00
   2.1867410e+00
   2.6147338e+00
   2.9121153e+00
   2.2033388e+00
   3.9907795e+00
   2.6641857e+00
   2.5946936e+00
   2.1240904e+00
   2.5964879e+00
   2.0927025e+00
   3.0108563e+00
   3.5228518e+00
   3.2621400e+00
   2.1797833e+00
   2.1617248e+00
   3.5544811e+00
   3.8102695e+00
   3.0675439e+00
   2.2183084e+00
   3.6516177e+00
   2.6761954e+00
   2.5879461e+00
   3.4926269e+00
   2.0206732e+00
   2.0968947e+00
   3.3358322e+00
   3.2069360e+00
   3.0522049e+00
   3.4594189e+00
   3.4145070e+00
   3.5627541e+00
   2.5759540e+00
   3.3850640e+00
   3.1133397e+00
   2.7930416e+00
   2.1231813e+00
   3.5603511e+00
   2.6751677e+00
   3.2157318e+00
   3.4825081e+00
   2.2096265e+00
   2.2557768e+00
   3.0990802e+00
   2.9704588e+00
   3.7809514e+00
   3.5979206e+00
   3.4686822e+00
   2.1026638e+00
   2.1457706e+00
   2.1770549e+00
   3.5967017e+00
   3.8860163e+00
   3.3674311e+00
   2.2641659e+00
   3.4454491e+00
   2.2207070e+00
   2.2349857e+00
   3.2814358e+00
   2.6576284e+00
   3.3076240e+00
   3.4982629e+00
   3.1663715e+00
   3.4800647e+00
   2.4696538e+00
   3.4699151e+00
   3.9411971e+00
   3.7338606e+00
   2.1724691e+00
   2.7328732e+00
   2.7383976e+00
   3.3700569e+00
   3.1958833e+00
   3.5787279e+00
   2.7353058e+00
   2.4120557e+00
   2.1733331e+00
   3.5438678e+00
   2.4113490e+00
   2.7765433e+00
   3.1035571e+00
   2.4579065e+00
   3.2838812e+00
   2.9689607e+00
   2.3036911e+00
   3.5638639e+00
   2.2012126e+00
   2.5881327e+00
   2.4747460e+00
   3.0617445e+00
   2.1829975e+00
   2.8106308e+00
   2.2096925e+00
   2.2245679e+00
   3.5688558e+00
   2.5831406e+00
   3.2070669e+00
   3.9288453e+00
   2.8649700e+00
   3.3895044e+00
   3.5161986e+00
   2.8652847e+00
   3.3109961e+00
   2.2195101e+00
   3.8675197e+00
   2.3749216e+00
   2.5323577e+00
   3.5956605e+00
   2.9752076e+00
   3.5379165e+00
   2.7920135e+00
   2.5458776e+00
   2.0744693e+00
   3.3465898e+00
   2.8591289e+00
   2.9034785e+00
   3.2197143e+00
   2.1188066e+00
   2.6316229e+00
   3.5454443e+00
   3.3928660e+00
   2.2506644e+00
   2.2603029e+00
   2.1847047e+00
   2.0156406e+00
   2.8462188e+00
   3.3111463e+00
   3.4458450e+00
   3.0624186e+00
   2.2176359e+00
   3.2635327e+00
   2.2529997e+00
   2.2686066e+00
   2.1971882e+00
   2.2840545e+00
   2.3365026e+00
   2.3924978e+00
   2.6349596e+00
   2.6328580e+00
   2.4351266e+00
   2.5020837e+00
   3.7858448e+00
   3.4064464e+00
   3.1114759e+00
   2.3688673e+00
   2.4240617e+00
   2.1546936e+00
   3.8276008e+00
   3.4134304e+00
   3.1155779e+00
   2.6268580e+00
   2.3324071e+00
   3.2449945e+00
   3.9758695e+00
   2.3408640e+00
   2.5155845e+00
   2.7935986e+00
   2.1479895e+00
   3.3681921e+00
   2.8047767e+00
   3.9656704e+00
   2.8043680e+00
   3.2413439e+00
   2.3087396e+00
   2.7626904e+00
   2.3222679e+00
   3.5162249e+00
   3.7422222e+00
   2.7015535e+00
   3.3710714e+00
   2.5882973e+00
   3.0612586e+00
   3.6648468e+00
   3.1949804e+00
   2.6706227e+00
   2.5984500e+00
   2.9051851e+00
   2.8452913e+00
   2.7192126e+00
   3.1166384e+00
   3.4850907e+00
   2.8486696e+00
   2.8587116e+00
   2.2497455e+00
   2.0488680e+00
   2.5803705e+00
   2.6350412e+00
   3.3073803e+00
   3.9138718e+00
   3.8714617e+00
   2.9157727e+00
   2.4809568e+00
   3.5277959e+00
   3.5186548e+00
   3.4812961e+00
   3.4873767e+00
   2.2118408e+00
   3.3631209e+00
   2.9265212e+00
   2.4243264e+00
   2.1970375e+00
   3.6471489e+00
   2.3500195e+00
   2.3271398e+00
   3.3319744e+00
   3.7887788e+00
   3.0331164e+00
   3.4054046e+00
   2.3071808e+00
   3.9069141e+00
   3.0817682e+00
   3.3594678e+00
   2.0731260e+00
   3.6184077e+00
   3.4972377e+00
   2.2403740e+00
   3.0500903e+00
   2.6516673e+00
   3.0928989e+00
   2.7977615e+00
   2.8301868e+00
   2.3614755e+00
   2.5107735e+00
   2.0410715e+00
   3.8473512e+00
   3.3073998e+00
   3.8652271e+00
   2.3270247e+00
   3.8421945e+00
   3.5893158e+00
   3.1547884e+00
   2.8800712e+00
   2.5152275e+00
   3.5038928e+00
   2.4573390e+00
   2.1283742e+00
   3.5346590e+00
   3.3424044e+00
   3.4304250e+00
   3.2841217e+00
   2.8380966e+00
   2.7815242e+00
   3.6322802e+00
   2.6348557e+00
   3.6290795e+00
   3.5781470e+00
   3.7045278e+00
   3.0112732e+00
   3.2713228e+00
   3.9017888e+00
   2.8879283e+00
   2.1200376e+00
   3.7334998e+00
   3.2623775e+00
   2.7101473e+00
   3.9940065e+00
   2.4483430e+00
   3.3049021e+00
   3.2099813e+00
   2.7744909e+00
   2.2843743e+00
   2.0502700e+00
   2.8422245e+00
